2455409.7571              4.5333
2455409.8000              5.6000
2455409.8673              6.8800
2455409.9286              8.1600
2455410.0020              9.5467
2455410.1061             11.1467
2455410.1490             12.3200
2455410.2041             13.7067
2455410.2592             14.8800
2455410.3082             16.1600
2455410.3694             17.6533
2455410.4306             19.2533
2455410.4918             20.7467
2455410.5408             22.2400
2455410.5959             23.6267
2455410.6694             25.3333
2455410.7429             26.8267
2455410.8163             28.2133
2455410.8959             29.8133
2455410.9878             31.8400
2455411.0612             33.4400
2455411.1469             34.9333
2455411.2143             36.0000