2455818.7245              4.4267
2455818.7898              5.6000
2455818.8714              6.8800
2455818.9367              7.9467
2455819.0102              8.9067
2455819.0673              9.7600
2455819.1245             10.7200
2455819.2061             11.8933
2455819.2959             13.3867
2455819.3694             14.3467
2455819.4429             15.5200
2455819.5163             16.6933
2455819.5898             17.7600
2455819.6714             18.8267
2455819.7612             20.3200
2455819.8347             21.3867
2455819.9245             22.3467
2455819.9980             23.5200
2455820.0959             24.9067
2455820.2102             26.7200
2455820.3245             28.2133
2455820.4796             29.8133
2455820.5857             31.2000
2455820.6837             32.2667