2455818.6673              4.6400
2455818.7082              5.7067
2455818.7571              6.8800
2455818.8143              8.0533
2455818.8714              9.4400
2455818.9204             10.6133
2455818.9857             11.7867
2455819.0347             13.1733
2455819.1000             14.6667
2455819.1571             15.9467
2455819.1980             17.0133
2455819.2551             18.5067
2455819.2959             19.4667
2455819.3367             20.3200
2455819.3939             21.2800
2455819.4429             22.6667
2455819.4918             23.5200
2455819.5408             24.8000
2455819.6143             26.6133
2455819.6796             28.5333
2455819.7531             29.8133
2455819.8020             31.0933
2455819.8755             32.6933
2455819.9327             33.8667
2455819.9980             35.2533
2455820.0551             36.5333