2455946.2673              4.7467
2455946.3327              6.5600
2455946.4143              8.6933
2455946.4959             10.5067
2455946.5857             12.3200
2455946.6673             14.1333
2455946.7490             15.6267
2455946.8388             17.3333
2455946.9449             18.9333
2455947.0429             20.5333
2455947.1245             22.1333
2455947.2143             23.4133
2455947.3122             25.2267
2455947.4265             26.7200
2455947.5490             28.4267
2455947.6959             30.1333
2455947.8429             31.8400
2455947.9735             33.3333
2455948.0878             34.6133
2455948.1694             36.1067
2455948.3571             37.6000