2455946.2673              4.6400
2455946.3245              6.1333
2455946.3898              8.1600
2455946.4469              9.7600
2455946.5204             11.4667
2455946.5939             13.3867
2455946.6755             15.3067
2455946.7490             17.1200
2455946.8143             18.8267
2455946.8633             20.2133
2455946.9286             21.8133
2455947.0347             23.4133
2455947.1000             25.0133
2455947.1898             26.8267
2455947.2959             28.5333
2455947.3776             30.8800
2455947.4510             32.5867
2455947.5163             34.1867
2455947.5980             35.8933
2455947.6633             37.0667