2455340.9776              4.4267
2455341.0020              5.0667
2455341.0755              6.4533
2455341.1980              8.6933
2455341.3122             10.7200
2455341.4429             12.9600
2455341.5735             15.3067
2455341.7122             17.9733
2455341.8184             20.2133
2455341.9000             21.9200
2455341.9653             22.8800
2455342.0469             24.4800
2455342.1286             26.0800
2455342.2102             27.6800
2455342.2918             29.3867
2455342.3816             31.4133
2455342.4551             33.3333
2455342.5612             35.1467
2455342.6510             36.8533
2455342.7490             38.4533
