2455811.5612              4.8533
2455811.6429              6.4533
2455811.7816              8.9067
2455811.9041             10.9333
2455812.0184             12.7467
2455812.1245             14.6667
2455812.2469             16.6933
2455812.3367             17.9733
2455812.4918             19.8933
2455812.6061             21.7067
2455812.7776             23.6267
2455812.9082             25.1200
2455813.0306             26.8267
2455813.1449             28.3200
2455813.2429             29.8133
2455813.3490             31.4133
2455813.4388             32.5867
