2455811.5367              4.7467
2455811.5857              5.8133
2455811.6347              6.9867
2455811.6837              8.1600
2455811.7571              9.4400
2455811.8143             10.6133
2455811.8878             11.8933
2455811.9531             13.2800
2455812.0265             14.6667
2455812.1000             16.1600
2455812.1980             18.2933
2455812.3041             19.8933
2455812.4102             21.8133
2455812.5000             23.3067
2455812.5816             24.8000
2455812.6551             25.8667
2455812.7122             26.9333
2455812.7694             28.2133
2455812.8510             29.7067
2455812.9327             31.0933
2455813.0143             32.4800
2455813.0878             33.4400
2455813.1776             35.1467
2455813.2673             36.4267
2455813.3653             37.4933
2455813.4224             38.5600
